25002 6
25007 7
25012 8
25017 9
25022 10
25027 11
25032 12
25037 13
25042 14
25047 15
25052 16
25057 17
25062 18
25067 19
25072 20
25077 21
25082 22
25087 23
25092 24
25097 25
25102 26
25107 27
25112 28
25117 29
25122 30
25127 31
25132 32
25137 33
25142 34
25147 35
25152 36
25157 37
25162 38
25167 39
25172 40
25177 41
25182 42
25187 43
25192 44
25197 45
25202 46
25207 47
25212 48
25217 49
25222 50
25227 51
25232 52
25237 53
25242 54
25247 55
25252 56
25257 57
25262 58
25267 59
25272 60
25277 61
25282 62
25287 63
25292 64
25297 65
25302 66
25307 67
25312 68
25317 69
25322 70
25327 71
25332 72
25337 73
25342 74
25347 75
25352 76
25357 77
25362 78
25367 79
25372 80
25377 81
25382 82
25387 83
25392 84
25397 85
25402 86
25407 87
25412 88
25417 89
25422 90
25427 91
25432 92
25437 93
25442 94
25447 95
25452 96
25457 97
25462 98
25467 99
25472 100
25477 101
25482 102
25487 103
25492 104
25497 105
